0
0
0
0
0
0
0
0
0
0
0
0
0
0
0
0
0
0
0
0
0
0
0
0
0
0
0
0
0
0
0
0
0
0
0
0
0
0
0
0
0
0
0
0
0
0
0
0
0
0
0
0
0
0
0
0
0
0
0
0
0
0
0
0
0
0
0
0
0
0
0
0
0
0.000140758
0.00022745
0.000195649
0.00023263
0.000269284
0.000317089
0.000374223
0.000439938
0.000513673
0.000597811
0.000693465
0.00080182
0.000924131
0.00106179
0.00121627
0.00138908
0.00158189
0.00179634
0.00203424
0.00229743
0.00258786
0.00290752
0.0032585
0.00364294
0.00406307
0.00452115
0.00501954
0.0055606
0.00614678
0.00678055
0.00746441
0.00820092
0.00899263
0.00984213
0.010752
0.0117248
0.0127632
0.0138697
0.0150469
0.0162973
0.0176234
0.0190278
0.0205127
0.0220806
0.0237337
0.0254744
0.0273047
0.0292269
0.0312428
0.0333543
0.0355634
0.0378718
0.0402809
0.0427925
0.0454078
0.0481281
0.0509546
0.0538884
0.0569303
0.0600812
0.0633417
0.0667122
0.0701933
0.0737852
0.0774879
0.0813016
0.085226
0.0892609
0.0934059
0.0976604
0.102024
0.106495
0.111074
0.115759
0.120549
0.125443
0.130438
0.135535
0.140731
0.146025
0.151414
0.156897
0.162472
0.168136
0.173888
0.179726
0.185646
0.191646
0.197725
0.203879
0.210106
0.216404
0.222768
0.229198
0.235689
0.24224
0.248847
0.255507
0.262219
0.268977
0.27578
0.282624
0.289508
0.296426
0.303378
0.310359
0.317368
0.324399
0.331452
0.338522
0.345608
0.352705
0.359812
0.366925
0.374042
0.381159
0.388274
0.395385
0.402489
0.409582
0.416663
0.423728
0.430776
0.437804
0.444809
0.451789
0.458743
0.465666
0.472558
0.479417
0.486239
0.493023
0.499769
0.506471
0.513129
0.519743
0.52631
0.532827
0.539292
0.545706
0.552067
0.558372
0.564621
0.570811
0.57694
0.583008
0.589033
0.594948
0.600847
0.606699
0.612353
0.618141
0.623714
0.629218
0.634778
0.640119
0.645481
0.650743
0.655932
0.661053
0.666099
0.671071
0.675969
0.680794
0.685545
0.690218
0.694816
0.699342
0.70379
0.708161
0.712459
0.716678
0.720823
0.724893
0.728888
0.732806
0.736648
0.740414
0.744104
0.747723
0.751265
0.754732
0.758125
0.761443
0.76469
0.767863
0.770962
0.773988
0.776944
0.779828
0.782643
0.785384
0.788055
0.790658
0.793191
0.795657
0.798055
0.800385
0.802647
0.804847
0.806979
0.809045
0.81105
0.812988
0.814868
0.816682
0.818435
0.820129
0.821765
0.823339
0.824851
0.826312
0.827716
0.829057
0.830348
0.831585
0.832763
0.833891
0.834969
0.835992
0.836966
0.837888
0.83876
0.83959
0.840369
0.841098
0.84178
0.842424
0.843021
0.843571
0.844079
0.844545
0.844975
0.845359
0.845704
0.846014
0.846281
0.84651
0.846704
0.846867
0.846991
0.84708
0.847134
0.847157
0.847154
0.847115
0.847041
0.84694
0.846816
0.846661
0.846475
0.846262
0.846029
0.845766
0.845479
0.845173
0.844835
0.844479
0.844106
0.843707
0.843285
0.84285
0.842393
0.841912
0.84142
0.840912
0.840385
0.839842
0.839284
0.83871
0.838125
0.837528
0.836915
0.836287
0.835651
0.835008
0.834345
0.833682
0.833007
0.832317
0.831627
0.830929
0.830216
0.829495
0.828782
0.828061
0.827324
0.826588
0.825851
0.825107
0.824355
0.823602
0.822858
0.822106
0.821346
0.820586
0.819834
0.819074
0.818322
0.81757
0.816803
0.816058
0.815306
0.814554
0.81381
0.813066
0.812329
0.811585
0.810856
0.810127
0.809398
0.808685
0.807971
0.807258
0.806553
0.805855
0.805172
0.80449
0.803808
0.803133
0.802474
0.801823
0.801172
0.800536
0.7999
0.79928
0.798667
0.798063
0.797466
0.796876
0.796303
0.795737
0.795178
0.794628
0.794093
0.793566
0.793054
0.79255
0.792046
0.791557
0.791092
0.790635
0.790177
0.789735
0.789309
0.78889
0.788487
0.788092
0.787712
0.787347
0.786983
0.786634
0.786301
0.785983
0.785673
0.785378
0.785091
0.78482
0.784564
0.784308
0.784075
0.783851
0.783641
0.783447
0.783261
0.783083
0.78292
0.782781
0.782641
0.782525
0.782416
0.782308
0.782222
0.782153
0.782098
0.782044
0.782005
0.78199
0.781982
0.781982
0.78199
0.782013
0.782052
0.782106
0.782176
0.782246
0.782323
0.782424
0.78254
0.782664
0.782796
0.782936
0.783091
0.783269
0.783447
0.783633
0.783835
0.784052
0.784277
0.78451
0.784758
0.785014
0.785285
0.785572
0.785874
0.786177
0.786487
0.786789
0.787053
0.787316
0.787626
0.788061
0.788751
0.789712
0.79065
0.79079
0.788952
0.784696
0.780803
0.78627
0.814283
0.861137
0.851647
0.597636
0.137267
0
0

