0
0
0
0
0
0
0
0
0
0
0
0
0
0
0
0
0
0
0
0
0
0
0
0
0
0
0
0
0
0
0
0
0
0
0
0
0
0
0
0
0
0
0
0
0
0
0
0
0
0
0
0
0
0
0
0
0
0
0
0
0
0
0
0
0
0
0
0
0
0
0
0
0
0.000140557
0.000227623
0.000334883
0.000459408
0.000602506
0.000773056
0.00097361
0.00120815
0.00148149
0.00179905
0.00216679
0.00259131
0.00307986
0.00364039
0.00428156
0.00501284
0.00584448
0.00678761
0.00785425
0.00905735
0.0104108
0.0119296
0.0136297
0.0155281
0.017643
0.0199938
0.0226008
0.0254857
0.0286714
0.0321819
0.0360427
0.0402803
0.0449226
0.0499987
0.055539
0.0615752
0.0681403
0.0752685
0.0829953
0.0913574
0.100393
0.11014
0.120641
0.131936
0.144067
0.157079
0.171016
0.185924
0.201849
0.21884
0.236945
0.256212
0.276693
0.298437
0.321497
0.345924
0.371771
0.399092
0.427938
0.458365
0.490427
0.524177
0.55967
0.596961
0.636105
0.677156
0.720168
0.765197
0.812295
0.861517
0.912916
0.966545
1.02246
1.0807
1.14134
1.2044
1.26996
1.33805
1.40873
1.48203
1.55802
1.63673
1.71821
1.8025
1.88964
1.97969
2.07266
2.16862
2.26758
2.3696
2.4747
2.58292
2.69428
2.80883
2.9266
3.0476
3.17187
3.29943
3.43031
3.56453
3.7021
3.84306
3.98742
4.13519
4.28639
4.44103
4.59913
4.7607
4.92574
5.09427
5.26629
5.4418
5.62082
5.80333
5.98935
6.17888
6.3719
6.56842
6.76844
6.97194
7.17892
7.38938
7.6033
7.82067
8.04148
8.26573
8.49338
8.72444
8.95887
9.19668
9.43783
9.6823
9.93009
10.1812
10.4355
10.6931
10.9539
11.2179
11.485
11.7553
12.0287
12.3052
12.5848
12.8674
13.153
13.4415
13.733
14.0274
14.3247
14.6248
14.9277
15.2335
15.5419
15.8531
16.1669
16.4834
16.8025
17.1241
17.4483
17.775
18.1042
18.4357
18.7697
19.106
19.4446
19.7855
20.1287
20.474
20.8216
21.1712
21.523
21.8768
22.2326
22.5904
22.9501
23.3117
23.6753
24.0406
24.4077
24.7766
25.1472
25.5195
25.8935
26.269
26.6462
27.0248
27.405
27.7867
28.1697
28.5542
28.9401
29.3272
29.7157
30.1054
30.4963
30.8885
31.2818
31.6762
32.0717
32.4683
32.8659
33.2645
33.664
34.0646
34.466
34.8682
35.2714
35.6753
36.08
36.4855
36.8917
37.2986
37.7062
38.1144
38.5233
38.9327
39.3427
39.7533
40.1643
40.5758
40.9878
41.4003
41.8131
42.2264
42.64
43.0539
43.4682
43.8828
44.2977
44.7128
45.1281
45.5437
45.9594
46.3754
46.7915
47.2077
47.6241
48.0405
48.4571
48.8737
49.2903
49.707
50.1237
50.5404
50.9571
51.3738
51.7904
52.207
52.6234
53.0398
53.4561
53.8723
54.2884
54.7043
55.1201
55.5357
55.9511
56.3664
56.7815
57.1963
57.611
58.0254
58.4396
58.8536
59.2673
59.6807
60.0939
60.5068
60.9194
61.3318
61.7438
62.1556
62.567
62.9781
63.3889
63.7994
64.2096
64.6194
65.0289
65.4381
65.8469
66.2553
66.6634
67.0712
67.4786
67.8856
68.2923
68.6986
69.1046
69.5101
69.9153
70.3202
70.7247
71.1287
71.5325
71.9358
72.3388
72.7414
73.1436
73.5455
73.947
74.3481
74.7488
75.1492
75.5492
75.9489
76.3481
76.7471
77.1456
77.5438
77.9417
78.3392
78.7363
79.1331
79.5296
79.9257
80.3215
80.7169
81.112
81.5068
81.9012
82.2954
82.6892
83.0827
83.4759
83.8688
84.2614
84.6537
85.0457
85.4375
85.8289
86.2201
86.611
87.0016
87.392
87.7821
88.172
88.5616
88.951
89.3401
89.729
90.1177
90.5062
90.8945
91.2825
91.6704
92.0581
92.4455
92.8328
93.2199
93.6069
93.9937
94.3803
94.7667
95.153
95.5392
95.9253
96.3112
96.6969
97.0826
97.4682
97.8536
98.239
98.6242
99.0094
99.3945
99.7795
100.164
100.549
100.934
101.319
101.704
102.088
102.473
102.858
103.242
103.627
104.012
104.396
104.781
105.165
105.55
105.935
106.32
106.704
107.089
107.474
107.859
108.244
108.629
109.014
109.399
109.784
110.169
110.555
110.94
111.326
111.712
112.098
112.484
112.87
113.256
113.642
114.029
114.415
114.802
115.189
115.576
115.964
116.351
116.739
117.126
117.515
117.903
118.293
118.681
119.069
119.454
119.837
120.227
120.638
121.075
121.477
121.662
121.61
123.637

